
    N S B B A A I P P P A R W L
	I O O I O I I O I C D M M F
	---------------------------
cfc 0 0 0 0 0 0 0 1 0 0 1 0 0 0
    0 0 0 0 0 0 1 0 0 1 0 1 0 0
bfc 0 0 0 0 0 0 0 1 0 0 1 0 0 0
    0 0 0 1 0 0 0 0 0 1 0 1 0 0

0
ldi 0 0 0 0 0 0 0 1 0 0 1 0 0 0
    1 0 0 0 0 1 0 0 0 1 0 1 0 1

1
lda 0 0 1 0 0 0 0 0 0 0 1 0 0 0 bfc
	1 0 0 0 0 1 0 0 0 0 0 1 0 1

2
sta 0 0 1 0 0 0 0 0 0 0 1 0 0 0 bfc
    1 0 0 0 1 0 0 0 0 0 0 0 1 0

3
adc 1 1 0 0 0 1 0 0 0 0 0 0 0 1 bfc

4
jmp 1 0 1 0 0 0 0 0 1 0 0 0 0 0 bfc



